"Atrial cardiomyocytes","Capillary endothelium","Cardiac neural crest cells & Schwann progenitor cells","Endothelium / pericytes / adventitia","Epicardial cells","Epicardium-derived cells","Fibroblast-like (related to cardiac skeleton connective tissue)","Fibroblast-like (related to larger vascular development)","Fibroblast-like (related to smaller vascular development)","Myoz2-enriched cardiomyocytes","Smooth muscle cells / fibroblast-like)","Ventricular cardiomyocytes"
"227_2332",0.716082158193394,8.87530636530224e-10,0.00932777973075035,6.43768970974243e-10,0.179757362907025,0.0518857745920062,0.0429468989605771,1.02560046583749e-08,7.43607870327551e-09,2.01129188358361e-09,3.27365486620804e-09,1.10791821069598e-09
"227_2756",0.837459859518774,0.0043315405084809,0.0189754680692965,6.20423489903484e-09,0.139232836724656,4.91803445816855e-08,3.6742926636856e-08,2.99448867517834e-08,9.81654075703877e-08,3.20777746977577e-08,2.34230400520035e-08,1.94401773139212e-08
"227_3180",0.808916124102747,9.92339459211259e-09,1.10284057352141e-07,6.53806101863075e-09,0.191083488338254,6.56978633689217e-08,4.42881191351763e-08,3.63997931588376e-08,3.96153173906753e-08,3.02015227634616e-08,2.57008956424708e-08,1.89099747527999e-08
"227_3604",0.580526099468128,0.00126279054923702,4.98070928929525e-09,1.97682306754491e-09,0.403753195089587,8.93398575492218e-09,9.04648732153285e-08,0.0144577980781502,6.60818306158305e-09,1.3991993685233e-09,1.7069303944591e-09,7.44193165840432e-10
"227_4028",0.366712621095192,1.58695364293033e-10,0.0170730523995837,1.17463621675311e-10,0.616214322191077,8.66784982862336e-10,5.22661811817309e-10,5.2387635939289e-10,5.73149384517407e-10,3.63011250391594e-10,9.51753275317624e-10,2.36750864051168e-10
"227_4452",0.403118625923091,2.9445391341955e-08,0.0287432452896685,2.24163386035919e-08,0.55804436930156,1.43699348742402e-07,8.94137378254201e-08,7.96811500001135e-08,0.0100931349213367,1.12611290481883e-07,9.81842060442909e-08,4.91128804504968e-08
"681_1908",0.805478410480536,6.98323469339398e-10,0.0465096435451679,5.3738342480273e-10,0.13370561795833,0.0119468169470318,3.51307398879387e-09,3.55911462049439e-08,0.00235945785718634,2.29457533728484e-09,9.35534146131572e-09,1.22190448265226e-09
"681_2332",0.84620167732942,2.58775810992506e-09,3.35712159883681e-08,1.3951297372891e-09,0.153798226992391,9.87678133460061e-09,6.77272204087685e-09,1.12750330234399e-08,1.37650007355551e-08,7.51361468060844e-09,4.17544582966667e-09,4.74548711087313e-09
"681_2756",0.921868860477497,0.0725252395603879,0.00560566965326315,1.08058239718522e-08,7.89023626207463e-09,2.02899194685643e-08,4.8793337378694e-08,3.41787351159525e-08,2.2555463991781e-08,4.63967662708083e-08,1.57612867914006e-08,2.36372824398169e-08
"681_3180",0.833587171262397,0.124755698544877,0.0416571154470151,4.73638887867299e-10,2.85809738494153e-10,1.592202934161e-09,2.08680023608239e-09,1.7193347664443e-09,4.22582173599427e-09,1.44658892658441e-09,2.07980225281771e-09,8.35711878929088e-10
"681_3604",0.975233028391166,0.0247566796846251,2.23303094345145e-06,2.6323758085452e-07,2.03853097983811e-07,7.02750113861826e-07,1.6257087387957e-06,1.59500485004335e-06,1.60429733769088e-06,1.02120270741429e-06,3.93816087015308e-07,6.49022751787094e-07
"681_4028",0.120910365032324,0.00161390312725887,0.0017564735550358,0.000270293320758958,0.000949052695372716,0.00207631517022902,0.00100899739342682,0.00111073213050194,0.00195596325555127,0.683202744721886,0.00118200283457958,0.183963156763075
"681_4452",0.987571614342106,0.0124283364800921,6.00284684047217e-09,3.67828607955792e-09,3.00081904947621e-09,3.0490345347059e-09,3.33555305262253e-09,3.88809187807076e-09,3.11189610407319e-09,1.29218055225204e-08,2.96316527058639e-09,7.22630314037249e-09
"681_4876",0.788655772278498,1.0069959254833e-08,2.39531164190856e-08,6.33729050643979e-09,0.191580893515245,0.0197630131769557,7.1562910920692e-08,3.30290231555878e-08,9.7321831520833e-08,2.72717238028973e-08,3.27409725537472e-08,1.87424728030517e-08
"1135_1484",0.974249650203051,6.85883915655089e-08,0.0257488600873403,4.06369515957159e-08,5.12921740753052e-08,1.3680197852136e-07,1.16156074756462e-07,1.0529802283899e-07,1.0664798540603e-07,4.57317627282516e-07,1.34980205990407e-07,2.71990196337745e-07
"1135_1908",0.994558227192987,2.45600933735094e-08,7.15107862172906e-08,1.40278408792162e-08,0.00544138579836974,2.72926875402708e-08,2.79862963524942e-08,3.03709751964499e-08,2.68917737596838e-08,8.79331133130729e-08,2.64980234056798e-08,4.99370527866022e-08
"1135_2332",0.956368208760246,0.0418998517200909,1.15665834181253e-08,3.37383176766109e-09,0.00173186215160028,4.72236896726525e-09,5.20885824677466e-09,2.23967510991123e-08,5.97077055922077e-09,1.31245973925344e-08,3.77646130040021e-09,7.22784051789201e-09
"1135_2756",0.978257304175917,0.012107327832606,0.00963396973242278,8.77554093891243e-08,5.0658928263252e-08,1.43956152795232e-07,1.33759911947415e-07,2.80944135774459e-07,1.22004893358317e-07,2.8649762959248e-07,8.95429355622466e-08,2.03139057055723e-07
"1135_3180",0.942304737425749,0.0140244688709291,0.0430161888332322,5.97249869176062e-08,0.000653483502076788,9.97453262964755e-08,9.59031327663678e-08,1.25855096022688e-07,1.14987212588426e-07,3.44221550202844e-07,7.44334029769894e-08,2.0649730508438e-07
"1135_3604",0.970581448192072,0.0294182086350956,1.10384850895873e-07,2.02665455631943e-08,1.16487785578006e-08,1.73842988753916e-08,1.93441776479596e-08,2.97391185713165e-08,1.81817117568266e-08,5.59625431094829e-08,1.46429161755927e-08,4.56178910887065e-08
"1135_4028",0.924356895433651,0.0425813738640574,1.05007932877056e-07,3.2821173665362e-08,0.00588169113047561,3.06899394970107e-08,3.46218126830006e-08,0.0271796512175631,3.72066115464065e-08,7.71311284996584e-08,3.14237180952608e-08,3.94519362656824e-08
"1135_4876",0.986991095916459,0.013008845481721,1.0751252742652e-08,2.54040746783505e-09,1.76033476464536e-09,5.75092990071153e-09,6.82533800692025e-09,6.41594537528107e-09,6.08759640277578e-09,9.02754288128884e-09,3.87625268194425e-09,5.56621960665342e-09
"1135_5300",0.821871791934221,3.07543383080935e-09,7.8331349196584e-09,1.99355525370615e-09,0.176942398085767,0.00118572378812002,1.0562907866979e-08,7.19591542164127e-09,1.91745857766132e-08,7.36585843013882e-09,2.4008618905337e-08,4.98188208206089e-09
"1135_9540",5.31420904210268e-10,3.22732275680521e-10,5.72890123071216e-10,1.77917074899075e-10,0.217013277194036,0.751515411873408,1.15939202911413e-09,0.0314712602321786,4.52258615534552e-08,5.66481305491277e-10,1.91876432702036e-09,2.24918556312768e-10
"1135_9964",0.0160363577024093,0.151456378916371,4.46879968392011e-08,1.20491469357494e-08,0.172301585366706,0.456951472929565,3.31027379236239e-08,2.5431775287782e-07,0.160206414131766,2.31772799285851e-08,3.2727969093563e-08,0.0430473908902988
"1135_10388",2.36210374989405e-10,8.94672662617505e-09,7.31409468430901e-10,0.0603683349476449,0.146484357383096,0.570748838391862,2.27570452607244e-09,2.04253694659957e-09,0.163448068052922,0.058950385719999,1.02704593219342e-09,2.44842118376391e-10
"1135_10812",4.03178628186773e-08,3.96154144125334e-08,4.67257734883294e-08,2.04158817465109e-08,0.103273640773828,0.763786527982283,2.90429044939139e-07,1.94880709475835e-07,0.132938818524601,4.37461655958317e-08,3.10603574962804e-07,2.59848605838638e-08
"1589_1060",0.944249004811326,4.43963378213754e-09,6.60467130751373e-09,2.03771203742853e-09,0.0557508711576608,3.96881660208514e-08,1.39350241387533e-08,9.69079229887859e-09,1.65265560325542e-08,1.10054850629813e-08,1.21670652096825e-08,7.93590695273245e-09
"1589_1484",0.981098714939098,0.00682755838729033,0.011134051378525,7.80991236896548e-08,0.000938928278098589,6.20651258416588e-08,6.57611402911965e-08,1.15054346462305e-07,6.37081553677379e-08,1.88967627609241e-07,5.07664112921563e-08,1.22595057221206e-07
"1589_1908",0.933370688589659,0.0596290625289816,3.81766029268004e-07,5.14087109062655e-08,0.00699903668203532,7.84531742927111e-08,8.06420193749709e-08,8.59853325300323e-08,7.72069722822565e-08,2.27418454779257e-07,6.86497133890117e-08,1.60668916974628e-07
"1589_2332",0.994903165036557,0.00509631005659587,2.27440901549384e-07,7.54394440027258e-08,1.24425410834498e-08,1.79480068955937e-08,2.18433975509886e-08,2.45314599346088e-08,1.95297648565696e-08,7.38987699431554e-08,1.79639177534449e-08,3.3868643859809e-08
"1589_2756",0.89954596604643,0.0634130570557416,0.0323505348301341,2.31263298966826e-09,0.00469038576149425,4.74934756245425e-09,5.40569087931348e-09,4.92995200754068e-09,4.07339159373606e-09,1.64347108652613e-08,6.80951912832536e-09,1.15909544136795e-08
"1589_4876",0.996805059358579,0.00189970591483728,0.00129400475284853,3.00507302124137e-08,4.3591183323869e-08,6.26421401170706e-08,6.65643799118043e-08,9.73700946006161e-08,6.74102626272765e-08,5.9995699687087e-07,4.88442577257642e-08,2.13543689734756e-07
"1589_5300",0.947447784731327,2.07578665469193e-09,5.18883492111419e-09,0.00246197045390177,0.0500901550321661,1.78382329293042e-08,1.45253481798835e-08,8.99592226896808e-09,2.73401593838371e-08,5.86385279483504e-09,4.40518956431522e-09,3.54927859797294e-09
"1589_8692",0.103916023141893,1.13295655279465e-07,6.4124818270906e-07,0.00257125357122787,0.00530223781179563,0.189280701513994,3.40666173842859e-07,0.0403460476740654,0.0740783339273951,4.88276779458475e-06,1.74247956201971e-07,0.584499250133866
"1589_9116",0.0325821964990007,2.28677058304507e-09,3.14760475632595e-08,1.18705348514167e-09,0.012441863236373,0.44648956539456,1.07415530987331e-08,7.80026097326429e-09,1.51550118566413e-07,0.123563153626514,8.47254548445779e-09,0.384923007729203
"1589_9540",6.63603000830066e-08,9.91899586029002e-09,5.97479406196948e-08,5.51020725833436e-09,0.0275773702721834,0.0773683348187888,3.86058755496442e-08,0.00124122667927641,0.109374811749777,9.79502714335394e-07,2.01255456095452e-08,0.784437076708395
"1589_9964",0.0334545237847523,0.00433858161311166,3.34736872090813e-09,1.8001376087558e-09,0.00112444135889341,1.43073081935119e-08,0.0663108160078307,1.28407362296632e-09,2.31196338800687e-09,3.11663926289258e-08,7.25230517428249e-10,0.894771582292937
"1589_10388",0.0492892003834807,8.28107616241021e-10,0.119798253742021,4.35840422718959e-10,1.34188485251558e-09,3.25979493715027e-09,3.4938552658622e-09,2.86133509013441e-09,0.11572101982296,0.187765947831978,8.14342607624013e-10,0.527425565184401
"1589_10812",0.0517863099409108,3.94160128430191e-07,0.076909914261066,2.53959194730498e-07,3.93106793350687e-06,6.04014038060648e-06,2.1746118744476e-06,0.0437247299310707,0.409932290121648,1.04989197530196e-05,1.01778695482661e-06,0.417622445099085
"1589_11236",0.0109523542861083,2.29387842133482e-09,0.0986754488946913,8.98843542668234e-10,0.0504976385471581,0.0505793826528973,5.57348007049611e-09,0.102144566413323,0.0176098130231195,0.268482143040426,1.32706871517732e-09,0.401058643049006
"1589_11660",0.0269598538003842,1.39066329394967e-08,1.91580881825932e-08,0.00797204119594069,0.0448142479039845,0.138224875597345,1.67251042640223e-08,2.46028385406534e-08,0.122040356144767,5.60333152835231e-07,7.300450108723e-09,0.659987983331312
"1589_12084",0.0295394861537557,2.03102900904369e-07,0.00136626455001445,1.02142597299869e-08,0.0407451025249631,0.270050335165278,1.04402479706224e-08,0.0715156806486884,0.0883281614686825,0.190583144155117,5.96355600736151e-09,0.307871595612536
"1589_12508",0.165889100676022,0.0159842448239967,0.138502125082617,1.29563160494378e-07,0.249586106503789,3.34442589726496e-07,1.47742411259241e-07,0.0272496503516613,0.168590043867346,9.20098467978456e-07,9.87304133447837e-08,0.234197098117525
"2043_1484",0.849966521356925,0.0239716038889385,3.25628681918403e-08,7.98153082786104e-09,0.126061692829043,1.78842510931036e-08,1.8928689688072e-08,1.88796077120593e-08,1.78928878627202e-08,3.50072772583018e-08,1.36205350042574e-08,1.91674455096551e-08
"2043_1908",0.986298425290253,2.52834511544097e-09,7.06764631113918e-09,1.72784161190473e-09,0.0137015222465579,3.6529749634692e-09,3.97638403534615e-09,3.95215187910538e-09,3.74393205172043e-09,1.48882365713129e-08,3.29278808082445e-09,7.63288882608167e-09
"2043_2332",0.813025636402807,2.43936267156359e-09,1.04114471600286e-08,1.70570610483961e-09,0.186603220353754,0.00037101845351961,2.11776930684405e-08,7.03564189646486e-09,6.24627530805392e-08,8.45165515090314e-09,7.104728969192e-09,4.00093145046168e-09
"2043_2756",0.214440878557702,0.002057828497596,0.00214473291346137,0.000253225695763077,0.000703185941780544,0.00185747867291151,0.00214997054947715,0.00124155833256304,0.00160754146198018,0.717036036666604,0.00178051143057988,0.0547270512795816
"2043_4876",0.986914749334314,0.0119206703416233,1.66782872833164e-09,3.2833698304294e-10,0.00116457030564263,6.65463211147857e-10,7.12084919564765e-10,7.57734225205877e-10,6.61405285250627e-10,2.78482102380053e-09,5.76416358834289e-10,1.86432884176258e-09
"2043_5300",0.826869754789381,4.33217028701879e-09,0.164354131943648,0.00342218406328737,2.70817439628781e-09,9.04714862710930e-09,7.64939417274272e-09,0.00535385059583906,9.23476320331816e-09,2.73634897504236e-08,6.39727765631368e-09,1.18754257921893e-08
"2043_5724",0.414565160698724,8.43823470943976e-07,0.0927177107864735,4.43728147842369e-07,0.325348365953861,9.43550332253225e-06,1.03821728491346e-05,1.90301691722623e-05,0.135397730234891,1.14741186575468e-06,0.0319291098722955,6.3964492694319e-07
"2043_7420",6.05010278726407e-09,9.4425051803138e-09,2.42606900021766e-06,3.83301421038691e-09,0.598181798119164,0.267299219759015,0.0766795453727526,0.0237067595907818,1.78320736837242e-07,5.25221331449259e-09,0.0341300439373691,4.25334421492861e-09
"2043_8692",0.0158954861423361,3.15404895926409e-09,0.0607490315398547,1.83399219508067e-09,0.00242141947927491,1.86714183168841e-08,8.55056510085999e-09,2.29400417831692e-08,0.116903697194629,0.0509236812497151,6.83045839434058e-09,0.753106622413665
"2043_9116",0.0751791275050153,0.0110138470332996,1.36013258033631e-09,2.25520367705536e-10,0.00791428741860197,0.036638056618932,3.31226793227578e-10,4.84895290167433e-10,0.0919310356582682,0.048908969473385,2.14671045903541e-10,0.728414673676052
"2043_9540",0.00969340591169254,8.77212825211749e-09,3.01015703749329e-06,0.00273139126991145,8.77802016647333e-09,1.30795522445503e-08,6.05407359345999e-09,9.08492238279677e-09,0.048009857501346,0.0340727985901199,2.35509744408247e-09,0.905489488446098
"2043_9964",0.0606886141034845,6.16101799159513e-10,6.99982610885497e-09,4.01048992785417e-10,0.00322653725144244,2.27804789780381e-09,1.46356060217235e-09,5.24502070084989e-09,0.179750842437903,0.0285619333456871,8.75819200049674e-10,0.727772054982058
"2043_10388",1.5702841107225e-05,2.56467354411566e-06,5.8613452824794e-06,1.72058265873579e-06,0.00490968308600003,7.26344409349953e-06,5.23412189170976e-06,7.03717182482342e-06,0.186188142109544,4.27363570321902e-05,2.88762111167988e-06,0.808811166645909
"2043_10812",0.0412090233997747,0.00331988486268714,0.0522147727758312,3.84474158529622e-07,0.0162039550323619,4.38584772481255e-08,8.63049285333353e-08,5.5567112129605e-08,0.0854665096817209,0.198444338963614,1.6170201868486e-08,0.603140928909131
"2043_11236",6.76292643030173e-08,2.27235921702871e-08,0.0682241362988208,0.0260322042187344,4.19124069370931e-08,1.25236370417321e-07,5.01024491027003e-08,0.112725011126485,0.183784717532794,0.198069794695754,3.12183279193699e-08,0.411163797305002
"2043_11660",0.0272199493508992,2.35560517164205e-09,1.92857740149373e-08,2.60429326905266e-09,0.0137168544688004,6.44065380997439e-09,4.43963817661074e-09,9.96084407121937e-09,0.0451088594778555,0.305445331801543,6.1381807741295e-09,0.608508953675912
"2043_12084",0.00749899396839173,2.45208098723285e-07,0.131964948301322,1.69471540013279e-07,4.25247407428367e-07,8.52543187105741e-07,6.0740427892482e-07,3.76802851883491e-06,0.0323475969553107,0.00883612412394467,3.45405296182028e-07,0.819345923342704
"2043_12508",0.032942816616903,0.0127550211848243,0.00528692156671632,1.40928972405425e-08,0.0120026247652289,1.48074135637531e-08,6.5171110896265e-09,0.115736368282928,0.0945968948041364,0.139350343590962,3.66021577604379e-09,0.587328970110664
"2043_12932",0.109206419683266,1.26067906729641e-07,2.1071259395225e-06,7.56907257714617e-08,0.0643147647564947,0.0568901564919223,1.04298599022832e-06,0.173645589352875,1.77699874467706e-05,0.082774236280898,9.03534815868232e-07,0.51314680804172
"2043_13356",0.0165423756153173,3.85552210968813e-08,0.152610450030839,2.11959576501094e-08,0.103134692687162,0.36200241926088,0.0639711485414116,1.60144013409103e-07,9.80048999894848e-07,3.47871142182796e-06,1.7942969777403e-07,0.301734055779078
"2497_1060",0.776120147355635,2.40970642937743e-09,1.06478884091082e-08,1.63654765010141e-09,0.156440575777405,0.064533427422175,1.57661624149911e-08,1.30339065588668e-08,0.00290578583062891,5.35384930853045e-09,1.1240807230739e-08,3.52528779551837e-09
"2497_1484",0.556432571793052,4.95546475490905e-10,0.00810442506005414,3.20909426237175e-10,0.291881454012742,0.0964155049170566,0.00923215974438613,4.87969125041597e-09,0.0379338734266713,1.30999978401206e-09,3.32249070541885e-09,7.17399981858048e-10
"2497_1908",0.619798666465339,1.57040872872398e-09,5.4364277897734e-09,8.7959913309502e-10,0.261640010531807,0.0773571862529775,0.00176132189734222,1.22713248899397e-08,0.0394427684758812,3.6409991579352e-09,2.04077117067463e-08,2.17018161070632e-09
"2497_2332",0.510134668940128,3.75611405646977e-09,2.05703447205321e-08,1.7144801951817e-09,0.353755326458104,0.0624599081445865,2.16797157519848e-08,2.53724001188074e-08,0.0561460541250047,5.78612090035758e-09,0.0175039597765182,3.67648319052562e-09
"2497_2756",0.999999965684056,1.71211242694971e-09,1.80079118981387e-08,4.29931501175518e-10,4.92841375067593e-10,1.09330966102521e-09,1.44846493317867e-09,1.67196267569976e-09,1.01707289700689e-09,4.4333011251327e-09,1.6630275154291e-09,2.34600830935972e-09
"2497_4876",0.996626358962981,3.741389203072e-09,6.140922906337e-09,0.00337357239413707,3.19584749486302e-09,4.41883533156508e-09,4.57089370853929e-09,5.15822228948587e-09,4.57253173087221e-09,2.20702176695714e-08,4.05410460182187e-09,1.07199170409226e-08
"2497_5300",0.929213354502928,4.6382827959935e-08,0.0616996322609917,3.80805186275555e-08,0.00288198687705331,7.55773489640019e-08,8.81589702610254e-08,0.00620419658970621,1.2171013574746e-07,2.36383332244224e-07,5.34223239056529e-08,1.70053862977053e-07
"2497_5724",0.617918311191245,1.43482059642785e-09,5.14060438344647e-09,1.07218098838297e-09,0.295744254019172,0.0632567501626367,8.05885388198886e-09,2.6397637692407e-09,6.45695063432122e-09,2.54857590777076e-09,0.0230806558027708,1.47242497282494e-09
"2497_8692",0.0598854669586013,1.06360569349451e-08,1.19468668962611e-07,0.00833293498945901,0.00660173369967262,2.56427226704252e-08,1.97304285840224e-08,0.00457045931450654,0.0936047963216233,0.145831909435922,1.46077758095808e-08,0.681172509194562
"2497_9116",0.0675829082351874,4.71601018248443e-08,0.00838974307083193,2.57542701897728e-08,0.0081616692358435,3.25538967972156e-07,0.00608525313063335,1.31368383957347e-07,0.056607322550888,0.197683901890534,1.17853525194665e-07,0.655488554210833
"2497_9540",0.0433698823261276,7.31039935801919e-10,1.37525530790987e-09,3.25485874168002e-10,3.87662788400865e-10,4.97453849128518e-10,5.14335240219146e-10,5.28989151378704e-10,5.5320752362221e-10,0.184278254483851,3.96442725016016e-10,0.772351857880149
"2497_9964",0.0831824588963227,3.74903900904352e-06,8.38535653591879e-07,1.90303919930209e-07,7.32900530434357e-07,9.46697975664631e-07,6.80498634408141e-07,0.0101608743737881,1.05771666131337e-06,9.25259892408899e-05,4.55325199916423e-07,0.906555489723064
"2497_10388",0.21120639198796,0.0346559146910631,6.41758361043474e-07,8.33792419074119e-08,0.00657438793002896,1.98597504177125e-07,1.6484814059731e-07,0.0448484893968566,0.029672876908308,0.174745336880521,1.21238328727316e-07,0.498295392383685
"2497_10812",0.0778558077298472,7.78108724525984e-10,3.53667235609696e-08,3.37153525468871e-10,0.00749680858494558,1.6110444506456e-09,0.00297685694593495,9.36285355911147e-10,0.00182575251810225,0.105494714360321,5.39173566161541e-10,0.804350020292359
"2497_11236",0.0843850689569321,8.51246996364851e-09,0.0128525903445516,7.76334681576364e-09,9.42967572439145e-09,4.87828810047882e-08,2.86898376388871e-08,8.10619002519633e-08,0.0369542250178647,0.365412057493492,2.36567689412489e-08,0.500395850290279
"2497_11660",0.167713437178839,2.69655020736265e-09,8.5787974741721e-09,1.58382593727078e-09,2.56941765016157e-09,1.1328082740672e-08,1.16635290703163e-08,7.02212907440916e-09,0.0100094195270922,0.290035843884766,4.77002451917464e-09,0.532241249196946
"2497_12084",0.0753527121435275,7.92251879375831e-09,3.11921514961309e-08,5.39707093175516e-09,5.73367859668844e-09,1.97513575597832e-08,1.21186910268428e-08,0.01810629351364,2.69300198867272e-08,0.259709586855124,4.2643182381393e-08,0.646831255799037
"2497_12508",0.066361330333498,1.90324370108835e-08,0.0819044228060287,0.011439978495169,1.93296914216807e-09,1.11283395039365e-08,6.86707647182153e-09,3.03891044060525e-08,0.0687173217436765,0.31349177934696,2.87889292999546e-09,0.458085095045849
"2497_12932",0.0806534715641338,4.01692203198651e-07,0.0173916351007194,2.27787662104227e-07,0.0127497829797895,2.14933725582301e-06,1.33088750341973e-06,9.74597836510664e-07,0.0106876824474626,0.0113746121743006,9.86517092598394e-07,0.86713674491404
"2497_13356",0.0586625800711204,8.42049232996634e-09,0.176592814782348,0.0141136229616869,1.7180910578065e-08,5.11486723667197e-08,2.88783316442505e-08,1.01385395804468e-07,0.104799619114315,0.152448868946854,5.31298984072619e-09,0.493382281796882
"2497_13780",1.04026242446444e-07,2.50292297873346e-08,0.0494091003924,1.70674642048128e-08,0.0373932324516629,4.88638212423874e-07,2.45753429024145e-07,1.26850611327116e-07,0.356015412165909,0.00523673826667553,5.65462657974016e-08,0.551944452811898
"2497_14204",0.162719225634803,2.42533847868602e-09,1.6724886731232e-08,9.68450102971322e-10,1.75134215170791e-08,0.0247278377901922,1.53766061841972e-08,7.27695760062689e-09,0.0796422852497311,5.10325299333212e-08,4.45611517449614e-09,0.732910535550968
"2951_1060",0.96085966829487,1.29713314694239e-08,5.84412858852312e-08,9.4151438067512e-09,1.76248524501646e-08,6.62988600549618e-08,4.62098257255373e-08,3.88341288674379e-07,0.0391396372356804,4.37357035892096e-08,2.41475429221462e-08,2.72836154697662e-08
"2951_1484",0.663040616603216,2.16635585418029e-09,4.62947466360911e-09,1.12914085346166e-09,0.188031518864442,0.108727758671226,1.36208308852099e-08,7.71396852337922e-09,0.0402000486485825,5.57754205051698e-09,1.83438875880281e-08,4.03133409554176e-09
"2951_1908",0.871717012408935,0.00254115488949505,0.00474008222708682,8.79617098878226e-11,0.0920025097803317,2.49960568892949e-10,2.14723978585466e-10,0.028999239177097,2.65891140569594e-10,3.11622267485308e-10,2.00952029552951e-10,1.85942807019663e-10
"2951_2332",0.974290981354863,5.08583117734918e-09,0.0257089168410599,5.43541009635166e-09,5.08266450437473e-09,6.11350304801472e-09,6.48012028675982e-09,1.09658541056424e-08,6.41837844565784e-09,3.51154924862158e-08,5.77280434622952e-09,1.53340188622519e-08
"2951_2756",0.996209054454594,8.31724163013974e-08,7.37758732709478e-07,5.61840090081418e-08,0.00378874720564628,9.78383513402831e-08,1.03362682378376e-07,1.61813358995385e-07,1.02552274849557e-07,5.55926845211011e-07,7.91771216106526e-08,2.20553967317546e-07
"2951_4876",0.971149528767848,5.78206919171279e-09,0.0282954289005868,6.4575427096424e-09,4.74453221380859e-09,3.47694737235226e-08,1.62571659600231e-08,1.76198788163863e-08,0.000554919565039004,1.65596613732129e-08,7.85968035227685e-09,1.27165214888765e-08
"2951_5300",0.917816259279928,5.61111226865325e-10,0.00176175343544436,2.45138506992338e-10,0.0492723930280921,0.0166307202684616,0.000816113116132596,0.0137027512433115,4.47508270175838e-09,1.11904468312446e-09,2.46712813870459e-09,7.6112482179786e-10
"2951_8692",0.0228047539026659,9.80442877304509e-09,0.0188130996623726,7.99088301047636e-09,0.00146600258337019,2.43616005258196e-08,2.36650709111117e-08,3.55660564452369e-08,0.020815517569441,0.157014670317038,1.21723366924262e-08,0.779085842404736
"2951_9116",0.09685470482305,0.039145267162407,0.0623693999248197,1.57803161107489e-08,1.43147725858122e-08,2.89321305687692e-07,9.30658768300675e-08,9.29659531309287e-08,0.154942641490076,0.210257636989846,4.57491216257384e-08,0.436429798412455
"2951_9540",0.0722366848223963,1.7909014737193e-09,7.50862653063988e-09,3.21384259609784e-10,5.53782558116829e-10,3.0236137864906e-09,2.59236004598893e-09,4.64406621894174e-09,0.0766236064014751,0.0877620497080692,2.77926741957045e-09,0.763377635854057
"2951_9964",0.0487546247410785,0.0125948026370444,1.16624940508404e-07,2.8793960953108e-08,0.00956551955287659,4.42666121352665e-08,5.12756831766265e-08,6.13688758409718e-08,5.04302452432741e-08,0.203424453597575,3.46432573965539e-08,0.72566021206785
"2951_10388",0.108123871529696,0.0109884068927199,0.0169679370632075,1.37135295751327e-08,0.000697255990351908,1.37844885908057e-08,1.60783670903791e-08,2.0258700368387e-08,2.54475987368896e-08,0.440887252198237,1.05016808791033e-08,0.422335176541422
"2951_10812",0.0719998201763023,8.60343255193829e-10,0.00322461662750329,1.49173244118094e-10,0.0123255153886464,2.49957288534863e-10,3.04297047930994e-10,3.45012557357787e-10,2.79695742783496e-10,0.310285107591977,3.44839376695754e-10,0.602164937682252
"2951_11236",1.29617881361462e-08,0.0128294248612788,0.000995495220508449,4.44431992574605e-10,3.76135538001759e-05,4.34918485524472e-10,5.27431423978976e-10,0.0101506321526798,6.09647360420555e-10,0.386923715631586,3.83421751654908e-10,0.589063103218508
"2951_11660",0.175930835000103,0.0132307503016399,2.87389697565603e-08,8.64858829531679e-09,0.00151279855448625,0.00169401551065676,3.32289454922787e-08,1.5447608634309e-08,2.93153509400848e-08,2.73054454569599e-06,1.41840846196167e-08,0.807628740525021
"2951_12084",0.0485229613315745,0.000428848700325251,3.59292896048008e-08,4.90552079391821e-08,0.000461162410246898,2.60759726716104e-09,5.28714039872094e-09,4.99660019403608e-09,8.17327579470726e-09,0.188400813125879,4.01391630143756e-09,0.762186104368946
"2951_12508",0.103085633002853,0.014220390057687,0.00789775094403704,6.73652638571457e-10,0.00130281888969912,5.45517462408254e-09,1.52563688961985e-09,0.0657015804193892,0.0132191789873437,0.261841266805302,1.02732095924285e-09,0.532731372211904
"2951_12932",0.0609960510435971,5.48674138212514e-09,4.64300230811993e-08,5.19500081303836e-09,4.38416861843684e-08,8.41885284576698e-09,8.37342460515278e-09,6.47636628469737e-09,7.89608430078613e-09,0.129524385763618,6.46862999802075e-09,0.809479424605975
"2951_13356",0.0599186053803465,5.94477700597897e-09,0.0467166022303191,0.0162499460411091,0.0112514847566801,1.15302061039949e-08,1.22753129496808e-08,6.74742775135976e-08,0.00158519838385135,0.18215431456457,3.41671425917151e-09,0.682123748001836
"2951_13780",1.17251142953531e-09,8.18308750622206e-11,0.00490309609910226,7.20132609054588e-11,0.000684863761820796,4.16088474235669e-10,2.58622610047134e-10,8.10297032502379e-10,0.0566555421351527,1.00272621627935e-08,1.15431179769664e-10,0.937756485049867
"2951_14204",0.013020272980014,3.22130071253706e-09,0.0293911989221613,2.01631186305664e-09,3.14513783091311e-09,2.63547944438955e-08,1.28500107293906e-08,0.0754495831951429,0.0910880761759436,0.117044163385187,4.8140364295568e-09,0.674006652939959
"3405_1060",0.0502685804862191,1.3812652515702e-08,1.64714461364587e-08,6.36717167648958e-09,0.710126876491365,0.173863948742157,0.0309462032130671,1.00854394674826e-07,6.47479625696179e-07,1.35660571356473e-08,0.0347935839888214,8.52702262292599e-09
"3405_1484",0.442436920747579,2.29704400520336e-09,5.28950543665343e-09,1.24148013010099e-09,0.448777161853963,0.0972305062640146,1.16051855147153e-08,2.13610790022742e-08,0.0115553556563621,4.30035413555682e-09,6.64151851563487e-09,2.74191468455507e-09
"3405_1908",0.932158579513494,5.05507701220349e-09,0.0678413291796699,4.40797081723279e-09,3.88123056513838e-09,8.65529215055416e-09,7.66115018332414e-09,7.57241673952547e-09,7.54473334198461e-09,2.41580993722965e-08,6.05515283524148e-09,1.63157127357683e-08
"3405_2332",0.952842326264427,1.90978479382678e-09,0.04715765284772,8.71848776804985e-10,7.42192390504336e-10,1.24401905753511e-09,1.31165677094482e-09,1.76698088924179e-09,1.26896739597006e-09,6.4270619025639e-09,1.1402471556448e-09,4.2050934954523e-09
"3405_2756",0.297332592478629,0.0024735991356188,0.00464790715847536,0.00103651245688077,0.000925110048574592,0.00510643653719407,0.00376365977350422,0.00352458085077368,0.00484928783172729,0.572402667338374,0.00490700755622719,0.0990306388340212
"3405_5300",0.925116936878582,0.00117157971456142,0.00886102500906459,3.26624109740065e-09,0.0458332435356544,0.0190171976529414,2.74095013626216e-09,6.08750749757859e-09,2.24183135582699e-09,1.17149244450558e-09,8.99316030162849e-10,8.01857967069461e-10
"3405_6572",5.7508620544665e-08,0.00672033098549626,3.57372086308799e-08,9.51205643716852e-09,0.100425528966856,0.771321243345582,0.121531248608873,1.09127156339901e-07,1.53869753383138e-07,1.71570881146783e-08,1.24733341892918e-06,1.78478900062967e-08
"3405_6996",4.69618073078256e-09,4.62827514851301e-09,3.99030978678969e-09,2.03118729684135e-09,0.0279464280795616,0.925518813570442,0.0258780314285294,0.0206563868620979,2.3527060714997e-07,3.14786081295652e-09,8.41792552298731e-08,2.115693032169e-09
"3405_8692",0.0245997219508188,7.53952187414353e-11,6.08423576918614e-10,5.54999905631492e-11,6.49223034694161e-11,2.10654660906748e-10,1.74322881335903e-10,1.48886737509852e-10,3.27132868672068e-10,0.257916236587603,8.27109341927816e-11,0.717484039713629
"3405_9116",0.0639246691773763,1.86598804226409e-06,0.174292100762022,2.77992317672427e-07,6.66834284535146e-07,0.0398789733339815,2.96896488681097e-05,4.7021270285362e-06,2.02115163246982e-05,0.233678761619448,1.23902688876778e-06,0.488166841973418
"3405_9540",0.0379821588979371,0.00602287989426419,0.00120248305374437,1.31195840409871e-09,1.72960825441401e-09,1.00792350856025e-08,1.52201303464048e-08,2.08766829231833e-08,0.10916277359141,0.248164519457851,1.51951251097377e-08,0.597465120692054
"3405_9964",8.09304191136287e-10,2.01210273623198e-10,1.84159922792173e-09,7.08997641421026e-11,0.00419033022083659,2.9901532798528e-10,2.84858932173234e-10,4.49121202374939e-10,0.0417797282841016,7.79280452529749e-09,4.12015352560962e-10,0.954029929334233
"3405_10388",0.0645220141332412,1.7555489151841e-09,3.99197674639595e-09,1.77475629278768e-09,5.35694077400813e-09,2.67954468100453e-09,2.65757863860545e-09,0.0046242826935638,3.89545839688184e-09,0.215054770893764,1.96878745559857e-09,0.715798908198839
"3405_10812",0.0464099631924077,6.4899541112554e-09,1.0050328543255e-07,5.74823440742926e-09,7.43823707345075e-09,2.66067634820231e-08,1.79126337226571e-08,2.28721434503417e-08,0.0137859007868769,0.227436806299309,1.69445685105903e-08,0.712367125205586
"3405_11236",0.0497484231108169,0.0246619583406375,2.50453176644313e-09,3.80986079140173e-10,2.96328330720199e-10,1.29709104400095e-09,1.08174328755036e-09,0.0317372619738115,0.0445566411622497,0.0938373079164616,6.97085110913808e-10,0.755458401238257
"3405_11660",2.21136345232476e-07,0.0125112134913855,6.11748074489342e-08,8.03980512853652e-09,0.0116003760132571,2.00635635684907e-08,2.34439848534752e-08,1.78657375546483e-07,4.2862276780993e-07,0.248774553748831,1.19435792396042e-08,0.727112903664298
"3405_12084",0.00509067270118941,0.0523454787444991,1.21569469693808e-06,2.16289398362232e-07,2.0590601364717e-07,2.58428033319992e-07,3.03288295335662e-07,1.00081281285518e-06,2.899593227491e-07,0.168397560130111,2.55867555116342e-07,0.774162542178072
"3405_12508",0.0372636560423787,0.0731485707591362,0.000623276809957911,2.72541530437424e-09,2.09827234031382e-09,0.00733552655595395,1.60793076976819e-08,0.0226812744446662,8.60329202868074e-08,9.60439905819518e-07,4.98465583714945e-09,0.85894662302743
"3405_12932",0.0730648738506291,0.0368516041127687,1.68100086565943e-08,0.00443650410243058,0.00944152686291666,6.36592774858828e-09,5.33968956462196e-09,2.48662462773303e-08,0.0033544817370075,0.22206812437397,3.62941920628342e-09,0.650782827948986
"3405_13356",0.0325747042413957,1.85064092903959e-09,1.59471626711507e-08,1.22589005618347e-09,0.00847910882837332,3.37818910934758e-09,2.87496428637613e-09,0.00493996909232826,0.0107302697110287,0.285063288230927,1.80405677912647e-09,0.658212632815043
"3405_13780",0.175079949699544,0.0232800005002555,0.0312580833178525,8.35480274605336e-09,0.00219678935699372,8.39821838528507e-08,1.41908136307576e-07,0.00941547743683004,1.9457941226891e-07,0.185710366864984,2.38584751767311e-08,0.573058880140531
"3405_14204",0.0371535964130714,2.37552253236724e-07,0.0111464648671086,0.00952233345309312,0.0023024538886764,3.67796827351926e-08,2.55934731606127e-08,2.04706073549029e-08,2.83539716793648e-08,0.0656379251097349,1.4726497080072e-08,0.87423686279183
"3405_14628",0.00854580666808431,1.44161159365004e-08,6.63051273278499e-08,8.60064672086294e-09,0.0280341833833467,5.87418014100685e-08,3.60429062074509e-08,8.63915199330946e-08,0.163511941269037,0.0149788201568331,1.6163191825823e-08,0.78492896186139
"3405_15052",0.0822804296802524,5.13071020543957e-09,4.3294659370853e-08,3.21271587388997e-09,0.267460177351781,5.29463015256767e-08,0.0366162780194413,0.00130224804595502,0.12394236396065,4.14283999182564e-08,7.62521387904163e-09,0.48839834930392
"3859_1060",0.153352345459481,1.26377893054612e-08,2.85847822075282e-08,8.85959249484578e-09,0.759559863630505,0.0391026227089925,0.0318365989274767,0.0161475645957552,8.78871357154144e-07,2.23452671121548e-08,4.06390725405756e-08,1.2739928664264e-08
"3859_1484",0.799747114728092,2.66652553443683e-08,3.0658871493986e-06,2.29478921079944e-08,0.200249310710443,6.44501106391329e-08,6.17868429880263e-08,6.15501429360275e-08,1.17895669563158e-07,6.25674337711824e-08,4.45280727899861e-08,4.62828952781272e-08
"3859_1908",0.946946572634862,5.61024983796306e-09,0.0456099842228279,0.00744342041937169,8.12091344699627e-10,1.33618128417205e-09,1.47159759888215e-09,3.1644301215592e-09,1.46461775493443e-09,5.03020297882733e-09,1.10852386553457e-09,2.72504364789336e-09
"3859_2332",0.905413634860679,0.0140378144712094,0.0805485472770588,1.21723918980545e-10,9.72537746039509e-11,1.79421464900355e-10,2.00441541144309e-10,2.48433477144795e-10,1.85857042808814e-10,1.2387582680633e-09,1.72446952415003e-10,9.46716838043326e-10
"3859_5300",0.975044143194145,1.23249593496052e-10,0.0249558541222721,6.55812140875301e-11,8.67657898131351e-11,1.75599628091187e-10,1.8371214525543e-10,1.88100116642347e-10,1.70885195415273e-10,9.49899675029198e-10,1.51888146905403e-10,5.8790144113677e-10
"3859_5724",0.670086934759264,2.19306040367126e-08,6.78383198228697e-07,8.47294406165875e-09,0.0815757326590083,0.156425890049484,0.0365783026061039,2.73134148647572e-07,0.0285361566359092,2.68376677156256e-08,0.0267959567447947,1.77868733000125e-08
"3859_6148",1.15216652510879e-08,1.03294032388744e-08,0.00610485230863452,4.7662140835666e-09,0.215118431310789,0.778776475734517,3.812698914761e-08,3.58683891819722e-08,6.05216006166446e-08,1.4254451426881e-08,5.52162634851665e-08,1.00410832369642e-08
"3859_6572",3.6196511697163e-08,5.65099743965826e-08,2.56195278224069e-08,1.51270238117166e-08,0.0341486999745009,0.923712186863739,1.59776376382243e-07,0.0421378445394604,8.53296977637891e-07,1.19330863614613e-08,1.03106292046931e-07,7.05652957392529e-09
"3859_6996",0.0477232030703825,0.188699772072769,2.72429813401569e-08,0.0160762869925876,9.03353868010046e-09,0.256159936225001,5.39513239479844e-08,0.0925885914767238,6.61110927165846e-08,8.31395177989629e-09,0.398752039766217,5.74343137897931e-09
"3859_8692",0.0788003466119079,0.0502681203406685,0.0243876778025001,1.08544344698913e-08,3.21324659400515e-08,9.95879035747977e-08,4.15133317299635e-08,2.6742582803915e-07,0.0314277883771366,1.24853391951807e-06,0.00425630698887234,0.810858059831031
"3859_9116",0.0881068190432636,0.0200177937213495,0.0261062747387305,1.89912590376737e-09,1.26678645370034e-09,8.0238383443202e-09,6.67484563909204e-09,7.45722749459046e-09,0.0786966221633366,0.18896524383337,3.64839544433298e-09,0.598107217529731
"3859_9540",1.83189546884975e-08,4.37528162888415e-09,0.0185217265854976,2.47174665304471e-09,0.00542184519422638,1.3276290449376e-08,8.03221733954819e-09,0.00647156457889839,0.102288698655296,0.119074922264946,3.66439241670449e-09,0.748221192582252
"3859_9964",0.0925654754001111,0.0554698913706001,0.0748690246030686,7.55024588677165e-10,8.09899288997619e-09,2.1446462954115e-09,5.66224215520722e-09,4.58325096371782e-09,0.0231785718401437,0.208456529873683,9.47918506266812e-10,0.545460484720318
"3859_10388",0.0408722559548189,1.66803499607756e-10,0.00653254419976379,8.39867821287120e-11,0.000385949515554324,7.29632499709726e-10,1.04785524972152e-09,1.11491019979615e-09,0.0106147290713643,2.56175863351685e-08,3.20517620235497e-10,0.941594492177207
"3859_10812",4.32552435744904e-09,0.00423500267143664,1.11455539661495e-09,6.37115129836133e-10,0.00383986771702499,7.54635151053265e-10,5.94199524642841e-10,0.0162794028340864,0.0634446466286557,0.0561348273845153,2.98854451741408e-10,0.856066245039397
"3859_11236",0.0045584496278338,1.65822837156419e-09,3.26159266981838e-08,1.4427914236877e-09,0.00545556636480745,5.62831282866043e-09,4.25498261679428e-09,4.72615978558797e-09,0.0286643767686081,0.316360283135506,2.1922210186935e-09,0.644961271584622
"3859_11660",0.129387001696039,7.87268723682564e-08,0.0733201990965179,4.49660454719647e-08,0.0136940893276104,1.55955607533191e-07,1.08059797691965e-07,1.6945402010145e-07,2.59342757670803e-07,0.0491296369638505,7.50694036326563e-08,0.734468181341477
"3859_12084",6.00520776429659e-07,2.11698106496125e-07,0.026303572651327,3.03407601026446e-08,2.10476289947203e-07,1.33898962551208e-07,1.21950386222144e-07,0.0166622212813985,0.0942237885614666,0.267653383552889,6.97940804046334e-08,0.595155655273557
"3859_12508",0.0591362016301825,3.03785764314356e-09,4.83933140549147e-09,3.66105654776879e-10,0.00609804829472621,1.18850933921417e-09,1.28767366720161e-09,5.21243337155745e-09,0.0258758380581137,0.168680394321195,8.90187182866204e-10,0.740209500873684
"3859_12932",0.0273458616259774,3.68854863932052e-09,0.0157197773430508,2.32124949308223e-09,0.00873948584714589,9.52145797731479e-09,1.00525983068582e-08,0.0145954007675863,0.00657151408244883,0.0310492173434167,5.14624963059817e-09,0.89597871226027
"3859_13356",0.142297047535951,0.0156483944024594,1.08630042714272e-07,1.06647873875874e-08,0.020394402459037,2.38476906181755e-08,2.81442979111543e-08,1.43732018951665e-07,2.97698401560181e-08,5.95536672968293e-07,1.87243753771434e-08,0.821659196552827
"3859_13780",0.223723418226667,1.25738625793435e-06,1.01361215645433e-06,2.1672929965543e-07,2.40396075250672e-07,1.24256525667948e-06,1.24059074386736e-06,0.0692377733180238,1.83853277957511e-06,6.71302292858846e-06,8.53533567813374e-07,0.707024192086243
"3859_14204",0.00403525780046161,6.51731503601793e-08,1.54326947152119e-07,2.87956527150137e-08,4.48537323038157e-07,1.77013211929796e-07,1.01819556664338e-07,0.03064276415584,0.0284112514123088,0.123556162584627,4.57972191359556e-08,0.813353542583702
"3859_14628",0.0735261637457821,1.45128498192219e-10,0.0018709439467017,0.00429452068237401,1.03033536153436e-10,0.00149086813262232,1.22810411247171e-09,1.6609218882657e-08,0.110749268961904,0.297893166817611,0.011493109875475,0.498681939752044
